26.48472	54.03444
26.4836	54.02805
26.48472	53.97887
26.48555	53.9711
26.49222	53.94638
26.49888	53.92999
26.50444	53.92055
26.51139	53.91277
26.53	53.90388
26.53611	53.9036
26.54389	53.91055
26.55639	53.92722
26.55889	53.93221
26.56139	53.94388
26.56167	53.94943
26.56028	53.9661
26.55417	54.01888
26.55166	54.02388
26.54805	54.02749
26.54361	54.03027
26.50889	54.05138
26.49722	54.0511
26.48944	54.04416
26.48472	54.03444
26.79778	53.31805
26.78528	53.28138
26.78694	53.26694
26.79416	53.23416
26.8025	53.20332
26.815	53.17722
26.82472	53.16499
26.83583	53.15443
26.84028	53.15166
26.84639	53.15166
26.85111	53.15416
26.85666	53.16332
26.85611	53.1711
26.85083	53.19444
26.82361	53.30499
26.79778	53.31805
26.82222	56.34666
26.82166	56.34027
26.82222	56.33277
26.82417	56.32666
26.8275	56.3225
26.83611	56.31722
26.84305	56.31805
26.85833	56.32527
26.87194	56.33388
26.88416	56.34388
26.88944	56.35333
26.89249	56.39388
26.89111	56.40083
26.88555	56.4086
26.88111	56.4111
26.875	56.4111
26.86861	56.40971
26.85805	56.40527
26.85055	56.39805
26.83361	56.37138
26.82222	56.34666
26.83805	55.73499
26.7975	55.73166
26.79889	55.72138
26.81236	55.70375
26.79028	55.66944
26.78583	55.65804
26.78444	55.64777
26.78528	55.6375
26.79472	55.63277
26.83305	55.62638
26.86	55.63638
26.86889	55.64027
26.92916	55.6886
26.93083	55.69666
26.90361	55.71333
26.89277	55.71721
26.83805	55.73499
26.92749	56.24527
26.86861	56.1586
26.85833	56.15305
26.85027	56.14694
26.835	56.13305
26.81972	56.11832
26.77166	56.06055
26.72777	55.98721
26.70944	55.91082
26.70916	55.81916
26.68889	55.6961
26.68555	55.68472
26.68139	55.675
26.6225	55.55888
26.54611	55.32749
26.54028	55.30499
26.54222	55.29583
26.55861	55.28361
26.65083	55.27499
26.65805	55.28249
26.65527	55.295
26.64472	55.31554
26.64194	55.32861
26.64277	55.36028
26.69888	55.5186
26.73249	55.59943
26.75361	55.63666
26.75861	55.64639
26.76778	55.6661
26.77222	55.67583
26.78055	55.71138
26.77861	55.74055
26.78278	55.75111
26.79277	55.76999
26.84111	55.78416
26.88111	55.7686
26.89277	55.76305
26.90389	55.75222
26.91222	55.74249
26.92194	55.73638
26.93083	55.73777
26.95194	55.75222
26.95222	55.75694
26.94861	55.78111
26.92194	55.84222
26.91555	55.85336
26.93	55.95666
26.9575	55.99944
26.98527	56.10055
26.9986	56.15555
27.00055	56.22054
26.99611	56.23221
26.97583	56.27305
26.97027	56.28277
26.96333	56.29028
26.94997	56.28833
26.92749	56.24527
27.03778	56.47083
27.03722	56.46444
27.03778	56.45833
27.03972	56.45222
27.0475	56.43694
27.05111	56.4336
27.05694	56.43277
27.07555	56.4325
27.0825	56.43333
27.08694	56.43472
27.10722	56.46444
27.10861	56.46999
27.08666	56.50388
27.07166	56.50916
27.06611	56.50833
27.06139	56.50555
27.0425	56.4875
27.03778	56.47083	
29.20805	50.32888
29.20694	50.3225
29.21055	50.3186
29.21472	50.31583
29.25166	50.2961
29.27277	50.28944
29.27805	50.29138
29.28	50.29694
29.27944	50.30332
29.27139	50.33277
29.26889	50.33833
29.26333	50.33943
29.21888	50.33277
29.21277	50.33138
29.20805	50.32888
39.41638	45.00443
39.37305	45.06304
39.3122	45.11582
39.28555	45.13055
39.25361	45.14137
39.24054	45.14222
39.22166	45.13999
39.21748	45.14193
39.21415	45.1461
39.19498	45.22582
39.18665	45.26777
39.18776	45.27471
39.19387	45.28443
39.1986	45.2961
39.19972	45.30304
39.19832	45.30999
39.16888	45.34221
39.16054	45.34888
39.06082	45.4211
39.02583	45.42499
39.01971	45.42388
39.00832	45.42753
38.99805	45.43942
38.97054	45.51859
38.96555	45.53861
38.9036	45.8411
38.88722	45.95083
38.87193	46.07472
38.84115	46.17825
38.84415	46.19553
38.86416	46.23972
38.86943	46.25028
38.87943	46.26361
38.88526	46.2736
38.89582	46.29472
38.90942	46.34748
38.91054	46.35471
38.90694	46.37638
38.88999	46.45194
38.87804	46.51639
38.87559	46.54038
38.91583	46.5725
38.97693	46.65221
39.03943	46.73832
39.04749	46.74554
39.05277	46.74749
39.06444	46.75054
39.07583	46.75166
39.08138	46.75361
39.09332	46.76527
39.15527	46.83833
39.1611	46.84833
39.16305	46.85444
39.1675	46.8747
39.16888	46.89666
39.16888	46.90554
39.16805	46.91332
39.16583	46.91943
39.15443	46.93998
39.15443	46.94887
39.15832	46.96137
39.18942	47.02555
39.19222	47.03082
39.20027	47.03805
39.20499	47.0411
39.2322	47.04194
39.24361	47.04499
39.30444	47.09971
39.33305	47.15888
39.33749	47.17027
39.33721	47.18804
39.33833	47.19498
39.34221	47.2075
39.37193	47.28166
39.37694	47.29221
39.3936	47.315
39.40138	47.32222
39.42027	47.3336
39.42832	47.34083
39.47054	47.39166
39.49638	47.45443
39.5	47.46693
39.51527	47.5425
39.62888	47.76305
39.6386	47.77665
39.66277	47.79028
39.67083	47.79749
39.67722	47.80666
39.68111	47.81915
39.71923	47.97666
39.71194	47.99276
39.69916	48.01415
39.68333	48.03832
39.67083	48.05693
39.66027	48.06971
39.65249	48.07749
39.63999	48.08749
39.57332	48.15916
39.52638	48.21249
39.49471	48.25083
39.47276	48.28388
39.44082	48.32194
39.42555	48.33888
39.42137	48.34221
39.3946	48.35598
39.38522	48.35979
39.35027	48.27887
39.3436	48.25305
39.34137	48.23888
39.33999	48.21499
39.33777	48.20083
39.33332	48.18916
39.31582	48.15942
39.30915	48.15027
39.3011	48.14304
39.28054	48.12526
39.27583	48.12249
39.26361	48.11998
39.25139	48.12137
39.21305	48.13165
39.20888	48.135
39.14748	48.21471
39.13888	48.22998
39.13666	48.23611
39.13193	48.25694
39.12804	48.26998
39.12582	48.27609
39.12027	48.28639
39.11249	48.29388
39.05721	48.3261
39.05166	48.32777
39.03805	48.32694
39.02638	48.32388
39.00777	48.31249
38.99972	48.30499
38.98998	48.29138
38.98166	48.27609
38.97665	48.26082
38.97138	48.22471
38.96915	48.18527
38.96832	48.14415
38.95638	48.08221
38.95138	48.07138
38.90582	48.01415
38.90054	48.01222
38.89444	48.0111
38.8875	48.01082
38.86916	48.0125
38.85693	48.01388
38.84582	48.01693
38.83554	48.02082
38.83138	48.02416
38.82082	48.03665
38.77222	48.1236
38.76193	48.14582
38.76028	48.15277
38.75054	48.18471
38.73276	48.23276
38.72777	48.24387
38.71999	48.24943
38.71388	48.25028
38.70721	48.24972
38.68555	48.24194
38.67193	48.2411
38.66721	48.24361
38.66361	48.24777
38.6061	48.32276
38.60333	48.32777
38.60111	48.3336
38.60082	48.34248
38.60582	48.36193
38.61776	48.38944
38.62332	48.40804
38.62582	48.42221
38.6261	48.42999
38.6247	48.43693
38.62165	48.44193
38.47555	48.56193
38.46721	48.5686
38.41694	48.59915
38.40582	48.61055
38.39526	48.62305
38.39246	48.63022
38.38915	48.65942
38.38915	48.66638
38.42416	48.74221
38.44331	48.77805
38.44776	48.78943
38.4511	48.83083
38.45083	48.83943
38.45	48.84721
38.44241	48.88828
38.43538	48.88471
38.35222	48.87054
38.3122	48.86916
38.30055	48.86943
38.04388	48.90942
37.90749	48.94165
37.89666	48.94471
37.76361	48.99777
37.75028	49.00665
37.69972	49.04527
37.69553	49.04861
37.67944	49.0622
37.67165	49.06971
37.64304	49.10249
37.60999	49.14722
37.60722	49.15221
37.54583	49.27471
37.5322	49.31027
37.49332	49.41999
37.4886	49.44026
37.48249	49.48638
37.47665	49.62305
37.45888	49.88304
37.45249	49.9361
37.39527	50.17277
37.39361	50.17944
37.38916	50.19138
37.38388	50.20222
37.37777	50.21194
37.37083	50.21999
37.36639	50.22332
37.35527	50.2261
37.32944	50.22582
37.32333	50.22638
37.30055	50.23082
37.28082	50.23972
37.18943	50.29361
37.15305	50.31527
37.14444	50.32222
37.13444	50.3336
37.1211	50.35166
37.03194	50.4811
37.02888	50.48583
36.97833	50.58777
36.97067	50.60469
36.96055	50.63527
36.95332	50.65277
36.83555	50.88583
36.82138	50.9111
36.78999	50.96111
36.77749	50.97971
36.77444	50.98472
36.76611	51.00028
36.75444	51.02943
36.73638	51.07666
36.73249	51.08749
36.72887	51.10111
36.71416	51.18028
36.7086	51.21832
36.7061	51.24194
36.69972	51.28777
36.68472	51.37638
36.6686	51.45361
36.65749	51.49305
36.65416	51.50639
36.63249	51.61305
36.58416	51.87388
36.5825	51.88999
36.57999	51.97276
36.58083	51.99583
36.5836	52.01666
36.59193	52.06444
36.59916	52.10444
36.6061	52.12888
36.61111	52.13944
36.61527	52.1511
36.62277	52.17471
36.63194	52.20471
36.63722	52.22305
36.64555	52.25388
36.65443	52.29222
36.68582	52.4336
36.6886	52.45444
36.6911	52.48388
36.70721	52.60166
36.745	52.81583
36.77837	52.95528
36.78388	52.97305
36.7961	53.00777
36.79861	53.01305
36.80694	53.04388
36.84833	53.22305
36.88082	53.45027
36.88444	53.47804
36.89027	53.53527
36.89999	53.71471
36.90388	53.85777
36.90971	53.92277
36.91166	53.93665
36.91471	53.94916
36.93305	53.99305
36.93844	53.9985
36.94444	54.00183
36.94833	54.00861
36.94471	54.0125
36.93916	54.01361
36.91554	54.00666
36.90499	54.00222
36.90193	53.99749
36.89861	53.98499
36.87499	53.82027
36.86971	53.72777
36.87222	53.67138
36.87888	53.64388
36.8761	53.62305
36.87444	53.61694
36.87222	53.61138
36.86832	53.6075
36.86444	53.61138
36.84361	53.63666
36.82388	53.66388
36.82083	53.6686
36.81722	53.68194
36.79472	53.87777
36.79361	53.89471
36.8	53.94332
36.81305	54.00139
36.8161	54.01389
36.8186	54.01916
36.82472	54.0286
36.83611	54.03221
36.8486	54.03361
36.87388	54.03388
36.94833	54.03166
37.02194	54.01583
37.03694	54.00972
37.0461	54.00472
37.21999	53.9436
37.35085	53.90564
37.33028	54.20166
37.36083	54.3561
37.37444	54.39749
37.38611	54.42471
37.41415	54.48221
37.43055	54.51277
37.44222	54.53999
37.4461	54.55166
37.45249	54.57666
37.45332	54.5836
37.45083	54.59888
37.44582	54.61055
37.44027	54.63055
37.43777	54.65527
37.43804	54.66305
37.4411	54.67555
37.4436	54.68111
37.49554	54.75639
37.50861	54.77444
37.51916	54.78694
37.56166	54.80582
37.56694	54.80804
37.57305	54.80972
37.57944	54.80972
37.58555	54.80943
37.61749	54.80305
37.62193	54.8
37.62638	54.7875
37.62999	54.78361
37.635	54.78166
37.64111	54.78138
37.64805	54.78221
37.71111	54.80972
37.74638	54.83305
37.76305	54.855
37.77027	54.87166
37.77499	54.89027
37.78416	54.91999
37.80499	54.95471
37.86388	55.03583
37.86777	55.03972
37.88722	55.05416
37.90388	55.06833
37.90777	55.0725
37.94694	55.12666
37.9561	55.14083
37.95833	55.14639
37.96471	55.17944
37.98193	55.22943
38.035	55.36832
38.04194	55.38472
38.04861	55.39444
38.06777	55.41415
38.08055	55.4325
38.08611	55.44276
38.09083	55.46944
38.09833	55.55666
38.10889	55.67027
38.11138	55.69166
38.11832	55.72388
38.12305	55.74277
38.12416	55.76389
38.12249	55.80638
38.11138	55.82749
38.10194	55.84193
38.09554	55.86111
38.09222	55.87555
38.07388	55.97499
38.0725	55.98277
38.07166	55.99138
38.07194	55.99916
38.07417	56.03611
38.07583	56.05027
38.07888	56.07083
38.08194	56.08333
38.08666	56.10999
38.09499	56.16444
38.09444	56.17305
38.07121	56.2197
38.08333	56.31972
38.08555	56.33305
38.08943	56.33721
38.12054	56.34916
38.13277	56.35278
38.13889	56.35278
38.15193	56.34388
38.15833	56.33444
38.16082	56.32861
38.16388	56.32388
38.16777	56.31999
38.17333	56.31889
38.17999	56.31999
38.18527	56.3225
38.19276	56.33055
38.23138	56.38555
38.24944	56.41415
38.25472	56.42444
38.26	56.44276
38.26305	56.4711
38.26611	56.53889
38.26611	56.54666
38.26277	56.5611
38.25527	56.57833
38.26694	56.69527
38.28626	56.75575
38.26694	56.77388
38.25417	56.79305
38.23643	56.83333
38.23166	56.84583
38.22561	56.86671
38.21138	56.94249
38.1936	57.05083
38.1936	57.0586
38.19499	57.065
38.19943	57.0761
38.23611	57.13472
38.245	57.14138
38.26009	57.14979
38.26472	57.15277
38.27583	57.16499
38.28027	57.1761
38.28333	57.18888
38.28333	57.20471
38.28194	57.21221
38.27388	57.23916
38.27083	57.24388
38.09305	57.3711
38.08804	57.37305
38.0825	57.37388
38.07555	57.37305
38.06361	57.36944
38.05833	57.36694
37.99888	57.34833
37.98943	57.35305
37.98583	57.35694
37.97471	57.37888
37.93916	57.45027
37.93777	57.45777
37.92722	57.5286
37.92527	57.61444
37.92583	57.69471
37.92749	57.7011
37.92666	57.70805
37.79639	58.17444
37.78916	58.19249
37.78333	58.20305
37.72416	58.22388
37.71832	58.22499
37.71166	58.22388
37.70027	58.21944
37.69415	58.21944
37.68916	58.2211
37.68472	58.22388
37.68111	58.22749
37.67527	58.23805
37.67361	58.24554
37.64111	58.40721
37.63999	58.46721
37.64055	58.47416
37.64333	58.48694
37.64777	58.49805
37.66166	58.64639
37.65499	58.66527
37.65193	58.68028
37.65054	58.68804
37.64861	58.71277
37.66249	58.79333
37.66694	58.80444
37.67416	58.81277
37.68028	58.81471
37.66999	58.9261
37.66721	58.9411
37.65471	58.98082
37.63138	59.05277
37.57666	59.13388
37.53305	59.20222
37.51805	59.23805
37.51333	59.25
37.51389	59.25722
37.51694	59.26194
37.52444	59.27027
37.53305	59.28472
37.53889	59.30222
37.54028	59.3086
37.54138	59.32277
37.53916	59.33888
37.53194	59.34721
37.50388	59.3711
37.49055	59.37916
37.48555	59.38082
37.47887	59.37972
37.4736	59.37721
37.46915	59.37388
37.46361	59.37277
37.42471	59.37054
37.41221	59.37027
37.3961	59.3736
37.34361	59.38722
37.32305	59.39305
37.23277	59.47999
37.20833	59.5461
37.14722	59.71555
37.12471	59.81305
37.04778	60.00722
37.04277	60.01944
37.03694	60.02943
37.01389	60.06166
37.00944	60.06527
36.9961	60.07333
36.98166	60.07944
36.96305	60.08916
36.95416	60.09444
36.93694	60.1061
36.8711	60.15749
36.65999	60.32944
36.6561	60.33305
36.64555	60.36472
36.6461	60.50278
36.64722	60.64083
36.64888	60.79639
36.65054	61.07277
36.65083	61.15027
36.64999	61.15721
36.63221	61.16666
36.57333	61.18916
36.56777	61.18999
36.56138	61.18971
36.42527	61.16499
36.41415	61.16027
36.28666	61.18443
36.18665	61.21888
36.1711	61.22276
36.13999	61.22138
36.1086	61.21693
36.06916	61.2011
35.93749	61.21166
35.90388	61.22582
35.89749	61.23305
35.88527	61.2411
35.81972	61.26222
35.81332	61.26194
35.70055	61.23221
35.68999	61.2286
35.67805	61.22887
35.6675	61.2311
35.65777	61.23527
35.63277	61.25361
35.60725	61.27656
35.56694	61.2875
35.55555	61.28861
35.55	61.28777
35.52027	61.27777
35.515	61.27527
35.3486	61.1836
35.28444	61.10722
35.27916	61.10444
35.23943	61.09638
35.18416	61.09471
35.17888	61.0961
35.175	61.09972
35.16833	61.1086
35.16554	61.11416
35.16221	61.1186
35.14166	61.13444
35.13722	61.13694
35.12471	61.13638
35.08582	61.13166
35.01694	61.11555
34.87943	61.07749
34.78944	61.0511
34.65777	60.98138
34.65277	60.9786
34.64805	60.97527
34.64444	60.97138
34.5661	60.85083
34.56277	60.83943
34.56082	60.82639
34.5561	60.77916
34.55166	60.75388
34.54749	60.74305
34.54166	60.7336
34.53805	60.72943
34.53361	60.7261
34.52222	60.72166
34.48333	60.75666
34.47999	60.76111
34.47499	60.77305
34.4736	60.78027
34.47138	60.78666
34.46583	60.79749
34.45805	60.80444
34.35527	60.88361
34.31972	60.87888
34.3225	60.83999
34.32277	60.83221
34.32222	60.76666
34.31554	60.68472
34.31249	60.66554
34.19638	60.5461
34.16944	60.5261
34.15083	60.51361
34.14027	60.50833
34.12222	60.50444
34.09166	60.50417
34.0669	60.50753
34.05332	60.51083
34.01055	60.51999
33.96138	60.52916
33.83042	60.55302
33.81332	60.55416
33.80027	60.55249
33.79416	60.55083
33.78361	60.54555
33.77027	60.53555
33.75472	60.52055
33.74361	60.50833
33.73916	60.50527
33.73305	60.505
33.68971	60.51333
33.66833	60.51777
33.65305	60.52277
33.64416	60.52777
33.63583	60.53388
33.62527	60.5461
33.61111	60.57055
33.59749	60.59721
33.5675	60.6661
33.5611	60.69527
33.55943	60.70999
33.5607	60.71531
33.56194	60.78027
33.55888	60.85583
33.55721	60.88638
33.55444	60.90166
33.55222	60.90804
33.54361	60.92305
33.53694	60.93194
33.52888	60.93888
33.51944	60.94305
33.51333	60.94276
33.50944	60.9386
33.50495	60.92983
33.50333	60.89333
33.50222	60.87999
33.50083	60.87388
33.49666	60.86305
33.49388	60.85833
33.48999	60.85444
33.47971	60.84916
33.47332	60.84888
33.39083	60.80332
33.34499	60.75694
33.2075	60.63138
33.16305	60.5911
33.14972	60.58138
33.14277	60.58028
33.0886	60.58055
33.0661	60.5825
33.04314	60.58791
33.01361	60.59583
32.8186	60.65971
32.62388	60.72638
32.32194	60.83277
32.2561	60.85333
32.23472	60.85777
32.21721	60.85889
32.19054	60.855
32.09027	60.83666
32.01944	60.81444
31.99666	60.80694
31.95499	60.82194
31.95	60.82361
31.94444	60.82417
31.77444	60.82417
31.65972	60.81138
31.49833	60.84388
31.49611	60.84527
31.495	60.85305
31.45222	61.1886
31.4182	61.45052
31.38333	61.71361
31.35333	61.74083
31.31833	61.7711
31.25618	61.7668
31.21722	61.78833
31.17722	61.8111
31.03861	61.85027
31.0275	61.85139
31.02111	61.85111
31.00833	61.84777
30.79028	61.75833
30.38166	61.37222
30.28444	61.27749
30.18583	61.18028
30.04361	61.04194
29.90722	60.91082
29.87	60.87471
29.86388	60.8686
29.86366	60.8663
29.68666	61.03805
29.68028	61.045
29.43416	61.28249
29.39583	61.31444
29.30361	61.35333
29.29667	61.35222
29.29055	61.35194
29.27528	61.35638
29.26583	61.36028
29.15527	61.42471
29.1475	61.43138
29.07111	61.51194
28.98454	61.54762
28.90944	61.58277
28.80639	61.63722
28.78528	61.65138
28.62611	61.82194
28.555	61.90555
28.54277	61.92222
28.53972	61.92777
28.53472	61.93804
28.52889	61.95388
28.45944	62.2086
28.43972	62.30943
28.43805	62.32388
28.42166	62.39471
28.41722	62.40499
28.36333	62.48444
28.35972	62.4875
28.34972	62.49222
28.295	62.53082
28.2336	62.59249
28.23861	62.62527
28.24194	62.64055
28.25028	62.68694
28.26694	62.78138
28.26056	62.78305
28.21249	62.78889
28.17194	62.78333
28.07611	62.76916
28.00722	62.75861
28.00028	62.75777
27.99389	62.75833
27.97972	62.76194
27.97277	62.765
27.78694	62.81554
27.76028	62.82194
27.73972	62.82333
27.47444	62.83971
27.44722	62.82888
27.38583	62.80138
27.38305	62.79972
27.27305	62.77805
27.26056	62.78249
27.23972	62.80666
27.23027	62.82305
27.215	62.91972
27.21333	62.93333
27.21527	62.94527
27.23027	62.9986
27.24138	63.03916
27.26778	63.19804
27.2675	63.20583
27.22583	63.28138
27.21861	63.28833
27.15527	63.32694
27.14249	63.3336
27.1225	63.34193
27.12	63.33694
27.12194	63.33221
27.12694	63.32999
27.13055	63.32694
27.13361	63.3225
27.13416	63.31999
27.12194	63.2786
27.11916	63.27444
27.08361	63.25305
27.0775	63.25222
27.05139	63.25305
26.94638	63.25722
26.93444	63.25916
26.85389	63.2161
26.64694	63.18999
26.64138	63.18832
26.63722	63.18582
26.63111	63.17638
26.63055	63.16361
26.63444	63.06722
26.63666	63.05193
26.64361	63.01583
26.64777	62.9736
26.65111	62.82916
26.64972	62.77277
26.64777	62.76777
26.63416	62.75194
26.63055	62.74805
26.62528	62.74554
26.61444	62.74749
26.61166	62.74305
26.60222	62.70388
26.58028	62.60083
26.57722	62.54666
26.57444	62.50861
26.56889	62.4461
26.56416	62.42972
26.51527	62.32027
26.50278	62.31027
26.43	62.27388
26.42472	62.27138
26.41861	62.2711
26.40833	62.27388
26.39166	62.28472
26.38194	62.28861
26.37694	62.28999
26.36555	62.29111
26.36194	62.28722
26.35402	62.27803
26.35833	62.23888
26.36194	62.21944
26.37111	62.18277
26.38277	62.1561
26.38333	62.14833
26.38277	62.14138
26.38083	62.13583
26.37666	62.13249
26.31444	62.10388
26.31416	62.08111
26.31167	62.06082
26.24638	61.8761
26.24166	61.86583
26.23472	61.85805
26.22638	61.85166
26.21166	61.84415
26.17944	61.83277
26.10861	61.81694
25.95833	61.79416
25.87	61.78194
25.84389	61.77999
25.81861	61.77583
25.81389	61.77332
25.80972	61.76944
25.80694	61.76472
25.80333	61.75305
25.80027	61.72555
25.80111	61.71055
25.8	61.68888
25.795	61.68638
25.59055	61.66554
25.50639	61.65971
25.34805	61.64916
25.29833	61.64361
25.19765	61.61103
25.19972	61.58111
25.17111	61.51944
25.15944	61.51805
25.15472	61.51666
25.11805	61.49944
25.07666	61.44415
25.07528	61.4386
25.07944	61.40332
25.08222	61.38916
25.11861	61.22499
25.12417	61.21527
25.1275	61.21111
25.13638	61.20666
25.14666	61.20361
25.15722	61.20166
25.16166	61.19943
25.16833	61.1911
25.17277	61.17972
25.17444	61.17305
25.21222	60.99277
25.21722	60.9661
25.2486	60.7786
25.25805	60.71721
25.26278	60.65582
25.26333	60.64194
25.26416	60.63444
25.26806	60.62222
25.27139	60.61805
25.27583	60.61583
25.32972	60.6061
25.34611	60.60333
25.36472	60.60388
25.37166	60.605
25.38388	60.60555
25.39528	60.60444
25.40027	60.60278
25.40944	60.59805
25.42083	60.5886
25.43416	60.57222
25.44055	60.55471
25.44166	60.54722
25.44333	60.51916
25.44055	60.48805
25.43166	60.45499
25.41583	60.42777
25.39777	60.41027
25.37555	60.39527
25.36944	60.39361
25.36333	60.39416
25.35305	60.39694
25.33389	60.40555
25.33194	60.41138
25.33194	60.43138
25.3269	60.44323
25.26806	60.46944
25.26416	60.46721
25.26361	60.46111
25.26611	60.44694
25.26833	60.4411
25.32666	60.31221
25.32944	60.30721
25.33278	60.30332
25.34444	60.29361
25.34944	60.29222
25.35611	60.29305
25.37528	60.09193
25.37277	59.95805
25.41083	59.83888
25.41194	59.82444
25.41277	59.78999
25.41166	59.77055
25.40805	59.73305
25.39972	59.66583
25.395	59.64305
25.39138	59.62694
25.39166	59.62027
25.39416	59.60583
25.39555	59.59916
25.4025	59.58277
25.41055	59.56777
25.42055	59.55555
25.45083	59.5286
25.46666	59.50722
25.47416	59.49138
25.47611	59.48555
25.47722	59.47804
25.47777	59.45055
25.47666	59.43804
25.47305	59.42055
25.46138	59.36971
25.42619	59.247
25.39666	59.14305
25.39166	59.11999
25.39361	59.05193
25.3975	59.02583
25.39972	59.01999
25.4075	59.005
25.41916	58.99527
25.47111	58.95444
25.47944	58.9486
25.49722	58.93888
25.50111	58.93582
25.505	58.9325
25.51472	58.91999
25.52222	58.90416
25.56	58.81833
25.56472	58.78999
25.56583	58.7686
25.56527	58.75527
25.55889	58.72694
25.55444	58.71693
25.55389	58.71082
25.58722	58.49972
25.60472	58.39555
25.60444	58.3686
25.60222	58.34972
25.6	58.34499
25.59416	58.33638
25.58666	58.32916
25.58222	58.32639
25.57833	58.32277
25.57611	58.31777
25.53889	58.16999
25.53917	58.1561
25.54139	58.135
25.54444	58.12138
25.55805	58.07972
25.56472	58.06305
25.56722	58.05804
25.57694	58.04555
25.59111	58.03055
25.59932	58.0239
25.61527	58.01222
25.62916	58.00583
25.64416	58.00083
25.68361	57.97777
25.68722	57.97443
25.69777	57.96277
25.70027	57.95777
25.70166	57.9511
25.70027	57.93333
25.68028	57.86832
25.66472	57.83388
25.66861	57.7786
25.69833	57.78694
25.70333	57.78527
25.73694	57.76222
25.74333	57.75388
25.74555	57.74805
25.74777	57.73388
25.74722	57.66833
25.74638	57.66221
25.74416	57.65721
25.73416	57.64194
25.73027	57.6261
25.73777	57.52416
25.76861	57.32388
25.77083	57.31805
25.77778	57.31055
25.79805	57.30166
25.80305	57.3
25.82166	57.30027
25.83305	57.29861
25.86555	57.29111
25.91944	57.27138
25.97749	57.23943
25.98499	57.23277
25.98833	57.2286
25.98972	57.22193
25.99166	57.20222
25.995	57.19804
26.00389	57.19305
26.07222	57.16721
26.08361	57.16554
26.09583	57.16694
26.11206	57.17209
26.40472	57.08416
26.42027	57.07999
26.44722	57.07417
26.45361	57.07417
26.4725	57.07805
26.49055	57.08971
26.49666	57.0911
26.54028	57.09305
26.5875	57.09138
26.63972	57.08777
26.70055	57.0686
26.73055	57.0586
26.745	57.05416
26.80139	57.03722
26.8225	57.03221
26.84277	57.02555
26.85222	57.02138
26.86527	57.01361
26.8775	57.00444
27.00472	56.86749
27.00805	56.86333
27.025	56.84527
27.03444	56.8411
27.03833	56.84471
27.05944	56.86749
27.07611	56.85555
27.12361	56.80888
27.14833	56.69054
27.155	56.64527
27.15555	56.61832
27.15495	56.61586
27.16083	56.53221
27.19944	56.36277
27.20111	56.34888
27.20083	56.33444
27.19944	56.32166
27.16028	56.13277
27.15027	56.11305
27.06527	55.97916
27.05805	55.97138
27.0375	55.96166
27.02944	55.95555
27.02389	55.94638
27.0075	55.85166
27.00611	55.83804
27.0075	55.79639
26.99611	55.68999
26.99277	55.66527
26.98861	55.65471
26.98333	55.64555
26.97694	55.63722
26.94861	55.60722
26.91722	55.57944
26.90527	55.57833
26.85472	55.58694
26.82389	55.59471
26.80361	55.60278
26.79361	55.59388
26.76056	55.48166
26.75666	55.44332
26.75472	55.41721
26.75944	55.37499
26.76639	55.36666
26.77444	55.36111
26.77944	55.35027
26.78722	55.28138
26.78666	55.26805
26.78167	55.24388
26.77583	55.23555
26.71694	55.16249
26.51917	54.85278
26.48999	54.79472
26.49083	54.78221
26.50611	54.69027
26.58833	54.47249
26.65583	54.36055
26.69833	54.33194
26.70388	54.32305
26.71388	54.30305
26.71833	54.29083
26.71833	54.27583
26.71694	54.26389
26.70972	54.24222
26.70388	54.23305
26.69583	54.21194
26.69805	54.18305
26.70166	54.15416
26.7061	54.12582
26.71666	54.08888
26.72472	54.06583
26.71	53.93138
26.69916	53.84249
26.69916	53.82972
26.70916	53.74777
26.73277	53.68694
26.75305	53.64639
26.85166	53.48999
26.85861	53.48193
26.86861	53.47527
26.8775	53.4711
26.90139	53.47027
26.92805	53.47193
26.93944	53.46944
26.94888	53.46527
26.9575	53.45944
26.97166	53.44388
26.97722	53.43472
26.99944	53.39583
27.00278	53.38416
27.01722	53.3075
27.06333	53.16638
27.08416	53.10999
27.12944	53.00111
27.20944	52.85305
27.245	52.81638
27.28917	52.75639
27.32155	52.68589
27.32277	52.68221
27.32277	52.66721
27.32611	52.65471
27.34555	52.61361
27.35083	52.60305
27.37888	52.57277
27.38944	52.57111
27.39777	52.57777
27.40972	52.60944
27.41277	52.62054
27.46166	52.62638
27.56389	52.54166
27.60861	52.49972
27.64083	52.44027
27.64416	52.42777
27.65111	52.36305
27.67833	52.24777
27.68638	52.22416
27.70111	52.19332
27.71222	52.17388
27.72555	52.15804
27.74027	52.14277
27.74833	52.13694
27.75777	52.13194
27.765	52.12499
27.81416	52.05444
27.82166	52.04277
27.82639	52.03194
27.83028	52.02027
27.83694	51.97833
27.85	51.8225
27.85111	51.79222
27.84639	51.76721
27.83278	51.72221
27.8325	51.70777
27.84194	51.60638
27.84916	51.58221
27.93778	51.43028
28.04833	51.32527
28.15499	51.26472
28.27805	51.23778
28.28528	51.23055
28.40833	51.13889
28.49722	51.09333
28.55472	51.07555
28.56722	51.07472
28.57333	51.07611
28.59944	51.07639
28.68111	51.07278
28.69917	51.07083
28.70972	51.0675
28.73444	51.0575
28.7775	51.02916
28.79028	51.02055
28.7975	51.01305
28.80361	51.00417
28.81916	50.95722
28.82444	50.93861
28.82555	50.93166
28.82639	50.91583
28.82444	50.91027
28.8225	50.8975
28.82361	50.89055
28.82889	50.88055
28.83194	50.87611
28.83917	50.86861
28.91972	50.80499
28.92416	50.80194
28.92889	50.8
28.94639	50.79722
28.96694	50.79861
28.9725	50.80055
28.97722	50.80333
28.98889	50.81361
28.99389	50.82333
28.99305	50.83028
28.99056	50.83583
28.97916	50.85472
28.97278	50.86278
28.96528	50.87028
28.94806	50.88166
28.94139	50.89
28.94333	50.89555
28.94666	50.89972
28.99722	50.92305
29.01333	50.92889
29.02028	50.92944
29.03889	50.92833
29.0625	50.92528
29.06667	50.92222
29.10333	50.88528
29.13416	50.83611
29.13833	50.82444
29.13972	50.80972
29.13444	50.72389
29.13166	50.71194
29.12917	50.70694
29.12278	50.69861
29.12	50.6936
29.11722	50.68166
29.11833	50.67472
29.13805	50.64111
29.14222	50.63833
29.15278	50.635
29.18139	50.62972
29.1875	50.62944
29.19361	50.63055
29.24889	50.65639
29.40222	50.66917
29.40861	50.66861
29.43305	50.65861
29.46583	50.64166
29.475	50.63667
29.49222	50.62528
29.62444	50.46583
29.63639	50.4475
29.64027	50.43583
29.64389	50.41528
29.64805	50.40361
29.65416	50.39444
29.6575	50.39083
29.66139	50.38722
29.85305	50.24667
29.86083	50.24
29.86444	50.23638
29.87055	50.22722
29.8825	50.20861
29.88472	50.20333
29.89944	50.18028
29.91777	50.16166
29.93278	50.1475
29.94944	50.135
29.95277	50.13277
29.95833	50.13139
29.97694	50.13667
29.99472	50.13777
30.02694	50.13889
30.06889	50.13361
30.12444	50.11055
30.14833	50.09944
30.17528	50.08361
30.18389	50.0775
30.19833	50.06249
30.20722	50.04861
30.21277	50.03805
30.21583	50.02611
30.21889	50.00639
30.21839	50
30.20777	49.92666
30.19805	49.89889
30.18555	49.87416
30.1675	49.83972
30.1586	49.82777
30.09139	49.72333
30.00916	49.58166
30.00722	49.57611
30.00499	49.56471
30.00583	49.55749
30.0075	49.55138
30.01055	49.54665
30.05388	49.50138
30.06361	49.49721
30.06972	49.49667
30.08222	49.49888
30.08777	49.50083
30.105	49.49944
30.13833	49.49165
30.14833	49.48749
30.15249	49.48444
30.15555	49.47971
30.15944	49.46804
30.16278	49.45554
30.17028	49.42333
30.17166	49.35304
30.16361	49.31582
30.18805	49.23832
30.29555	49.00665
30.29916	49.00277
30.38083	48.92387
30.38694	48.92333
30.39166	48.9261
30.39611	48.93666
30.39833	48.94943
30.40667	49.06027
30.40555	49.06749
30.39277	49.11805
30.36583	49.18444
30.36305	49.18916
30.35944	49.19305
30.35444	49.19527
30.37333	49.22249
30.41944	49.2625
30.42416	49.26527
30.42972	49.26555
30.44305	49.26054
30.47333	49.22389
30.48972	49.19277
30.51611	49.10027
30.51916	49.03888
30.51305	48.98499
30.51	48.97277
30.49972	48.95305
30.49305	48.94471
30.36416	48.8686
30.35389	48.86416
30.31472	48.85999
30.30917	48.86111
30.29388	48.86694
30.28111	48.87583
30.27472	48.88416
30.27166	48.88888
30.265	48.90527
30.26139	48.90916
30.24861	48.91805
30.2025	48.93499
30.17528	48.94249
30.16278	48.94333
30.08722	48.93471
30.04777	48.92333
30.04305	48.92055
30.03888	48.91721
30.03305	48.90833
30.02194	48.87416
30.01972	48.86137
30.02556	48.77082
30.02722	48.70805
30.00194	48.65971
29.98889	48.65999
29.96528	48.64694
29.95944	48.63777
29.95556	48.62666
29.95083	48.60889
29.94972	48.60249
29.95222	48.58888
29.97777	48.48583
29.98444	48.46944
29.99805	48.45332
30.01278	48.44694
30.10361	48.4111
30.1625	48.40665
30.17749	48.41361
30.18361	48.41471
30.19666	48.41444
30.20722	48.41082
30.21121	48.40781
30.32972	48.28944
30.42708	48.16043
30.44	48.14138
30.45391	48.10921
30.46027	48.08388
30.46138	48.07666
30.46138	48.06889
30.46042	48.06831
30.49138	48.03249
30.58805	48.03305
30.65694	48.03444
30.99472	48.03694
30.99749	48.03639
30.99944	47.92388
30.99972	47.84332
31.00111	47.69388
31.11139	47.69471
31.22166	47.69582
31.23543	47.69638
31.30444	47.69638
31.40777	47.69721
31.45555	47.71666
31.65305	47.8011
31.72777	47.83333
31.79861	47.86444
31.81972	47.84916
31.88916	47.78694
31.93666	47.7375
32.0511	47.63472
32.05527	47.63166
32.10059	47.60268
32.19694	47.52943
32.33277	47.41944
32.3411	47.41332
32.3461	47.4111
32.35166	47.41277
32.35555	47.4161
32.365	47.42972
32.37222	47.43721
32.38333	47.44083
32.38889	47.43943
32.39777	47.43416
32.46777	47.37027
32.47471	47.3625
32.47638	47.3561
32.49194	47.28305
32.49194	47.27499
32.49027	47.26916
32.48027	47.25666
32.4761	47.25305
32.46999	47.24388
32.46221	47.19888
32.45777	47.15471
32.45916	47.14805
32.46305	47.1375
32.4686	47.12804
32.50444	47.07194
32.51583	47.05444
32.60055	46.9336
32.62305	46.90332
32.63722	46.88722
32.64916	46.87694
32.66694	46.85722
32.75305	46.74749
32.76944	46.71777
32.77888	46.69582
32.79888	46.65388
32.85787	46.55753
32.9011	46.4961
32.92527	46.45083
32.93749	46.42388
32.94332	46.4061
32.95139	46.37332
32.96361	46.30471
32.96666	46.28361
32.96693	46.26721
32.96527	46.245
32.95916	46.20388
32.95332	46.17833
32.95222	46.15527
32.95305	46.14805
32.9575	46.12833
32.96194	46.11694
32.96749	46.10722
32.9711	46.10333
32.97527	46.1
32.97999	46.09777
32.99944	46.09638
33.00555	46.09749
33.08305	46.11305
33.13416	46.14305
33.1375	46.14722
33.17333	46.18665
33.17749	46.18999
33.1911	46.1986
33.19582	46.19943
33.25472	46.1836
33.26028	46.18194
33.2686	46.17555
33.27555	46.1675
33.3036	46.12694
33.37777	46.05027
33.38944	46.04805
33.40332	46.04833
33.40943	46.04944
33.42249	46.04888
33.43916	46.04416
33.44388	46.04194
33.46055	46.02916
33.48578	46.00647
33.47971	45.95194
33.48277	45.93055
33.49166	45.87471
33.49722	45.87305
33.50278	45.87332
33.5075	45.87582
33.51583	45.88249
33.51916	45.88666
33.52527	45.89583
33.54583	45.93665
33.55277	45.94527
33.55666	45.9486
33.56221	45.9486
33.63305	45.89888
33.6286	45.8261
33.62666	45.82027
33.61721	45.80694
33.59694	45.78166
33.59138	45.77166
33.58943	45.76583
33.58888	45.75194
33.59166	45.74694
33.59666	45.74471
33.60278	45.74388
33.63728	45.75233
33.65971	45.71194
33.66805	45.69721
33.675	45.68888
33.72499	45.65027
33.72999	45.64777
33.73527	45.64639
33.76083	45.64416
33.7761	45.63777
33.8886	45.55027
33.94249	45.50805
33.9461	45.50417
33.94749	45.49749
33.94749	45.49083
33.94554	45.48499
33.93804	45.46915
33.93832	45.46249
33.93971	45.45583
33.94527	45.43777
33.94972	45.4261
33.95249	45.42138
33.97084	45.40616
33.97957	45.40105
34.075	45.46555
34.07916	45.46888
34.13055	45.53944
34.13784	45.55507
34.14055	45.56277
34.15083	45.56722
34.15694	45.56805
34.28944	45.5836
34.30249	45.58472
34.30888	45.58388
34.31777	45.57833
34.33028	45.56833
34.34415	45.55193
34.34694	45.54694
34.35111	45.53555
34.35194	45.52138
34.34527	45.51305
34.3411	45.50944
34.33499	45.50028
34.33388	45.49361
34.33582	45.48777
34.3761	45.46166
34.38082	45.45944
34.44305	45.43694
34.4486	45.43555
34.45527	45.43555
34.46027	45.43804
34.46888	45.44415
34.58611	45.56292
34.57347	45.64847
34.56027	45.7
34.55685	45.71426
34.55666	45.72221
34.57777	45.73027
34.58472	45.73027
34.58999	45.72887
34.65916	45.70833
34.69582	45.68804
34.70277	45.67999
34.71388	45.65999
34.71749	45.65582
34.72166	45.65277
34.72694	45.6511
34.73388	45.6511
34.73999	45.65221
34.80555	45.68333
34.81527	45.6886
34.81916	45.69193
34.8261	45.70055
34.82861	45.70555
34.83055	45.71971
34.83028	45.73499
34.83167	45.74166
34.83555	45.75333
34.84583	45.76611
34.8586	45.77555
34.91404	45.79773
34.89833	45.83916
34.89639	45.84499
34.89555	45.85249
34.89749	45.85833
34.9036	45.86777
34.95805	45.89388
34.96361	45.89555
34.96971	45.895
34.97527	45.89333
34.97943	45.89027
34.99888	45.88055
35.02972	45.87694
35.03527	45.8786
35.09876	45.93377
35.09027	45.9586
35.05999	46.02583
35.05833	46.03249
35.05833	46.03944
35.09777	46.15249
35.10722	46.16638
35.11341	46.17136
35.20416	46.19276
35.21111	46.19305
35.21721	46.19222
35.22221	46.18999
35.22638	46.18665
35.22971	46.1825
35.23193	46.17666
35.2336	46.16999
35.23416	46.16249
35.23444	46.15416
35.27249	46.13305
35.29746	46.14805
35.38333	46.065
35.39916	46.0511
35.47221	45.99777
35.4811	45.99222
35.48583	45.98972
35.50166	45.98416
35.58472	45.97999
35.68028	46.02166
35.68777	46.02943
35.69305	46.03972
35.69499	46.04583
35.69666	46.0686
35.69666	46.07694
35.69276	46.10638
35.69249	46.115
35.69415	46.14777
35.69554	46.15471
35.71221	46.22943
35.72804	46.2686
35.77749	46.33416
35.79527	46.34638
35.8	46.34888
35.8061	46.35
35.81722	46.34694
35.82194	46.34444
35.82555	46.34027
35.83111	46.33028
35.83416	46.31694
35.83444	46.3
35.82861	46.28194
35.81305	46.25889
35.80305	46.20444
35.80249	46.19694
35.80416	46.18166
35.81055	46.16415
35.81972	46.14999
35.82388	46.14666
35.82861	46.14416
35.8411	46.14277
35.85361	46.12833
35.86277	46.1086
35.865	46.10278
35.86639	46.0961
35.86639	46.08749
35.86583	46.07999
35.84166	45.90249
35.83971	45.89583
35.83694	45.89083
35.83305	45.88722
35.82833	45.88472
35.82417	45.8811
35.82083	45.87694
35.81805	45.87166
35.8175	45.86416
35.81194	45.76583
35.8175	45.75583
35.82444	45.74749
35.82805	45.74332
35.83638	45.73666
35.84805	45.73444
35.85889	45.73138
35.87332	45.72388
35.88583	45.71388
35.92194	45.6825
35.94054	45.66332
35.96681	45.63347
35.96575	45.61557
36.01117	45.52007
36.01499	45.51555
36.02055	45.50555
36.01749	45.47582
36.01611	45.46915
36.00001	45.42194
35.99083	45.40582
36.06444	45.35444
36.13388	45.3436
36.23832	45.31971
36.3811	45.27916
36.42526	45.24832
36.43137	45.23916
36.43221	45.22471
36.42555	45.2075
36.42277	45.20249
36.4161	45.18527
36.41138	45.16554
36.40888	45.14333
36.40888	45.135
36.41193	45.12137
36.41888	45.10444
36.42443	45.09415
36.42777	45.08999
36.43193	45.08666
36.43749	45.08498
36.4436	45.08444
36.45665	45.08526
36.46137	45.08276
36.50194	45.05859
36.51028	45.05193
36.54286	45.01309
36.55777	45.01583
36.60833	45.03333
36.61305	45.03611
36.61638	45.04028
36.61916	45.04554
36.62943	45.05833
36.63416	45.0611
36.64444	45.06526
36.65054	45.06638
36.68055	45.06667
36.68555	45.06416
36.73638	45.02555
36.77916	44.95083
36.78194	44.94553
36.7836	44.93888
36.7836	44.92165
36.7822	44.90638
36.78249	44.88915
36.78388	44.87387
36.78527	44.8672
36.79083	44.85693
36.79833	44.84915
36.80804	44.84415
36.81971	44.84166
36.82999	44.8461
36.86582	44.87638
36.87554	44.8886
36.88081	44.89887
36.88833	44.90665
36.90054	44.90832
36.92054	44.90942
37.02387	44.90971
37.0286	44.9072
37.03471	44.89777
37.05138	44.86694
37.05332	44.86111
37.0536	44.85249
37.05222	44.84554
37.05582	44.81749
37.08472	44.78499
37.10526	44.76804
37.10999	44.76555
37.11694	44.76555
37.14971	44.78734
37.17499	44.79276
37.26639	44.81915
37.2711	44.82194
37.28416	44.82276
37.29499	44.81944
37.30526	44.81526
37.32166	44.80166
37.42777	44.6486
37.43277	44.62888
37.43471	44.61416
37.43471	44.59888
37.43693	44.59277
37.44026	44.58859
37.45194	44.5861
37.61388	44.58444
37.69082	44.59888
37.70583	44.61444
37.7161	44.61887
37.72221	44.61971
37.72777	44.61805
37.76555	44.57943
37.76804	44.57416
37.89915	44.22397
37.96027	44.23888
38.09721	44.32332
38.2113	44.39902
38.31147	44.4682
38.31416	44.47166
38.31833	44.47527
38.32304	44.47777
38.33943	44.48304
38.34554	44.48415
38.35166	44.48333
38.39333	44.44082
38.39555	44.43471
38.37804	44.33388
38.37804	44.32527
38.37943	44.31833
38.38165	44.3122
38.38784	44.30732
38.40054	44.30526
38.4436	44.30277
38.45527	44.30555
38.47555	44.31416
38.49194	44.31944
38.51028	44.32222
38.52387	44.32222
38.61305	44.31722
38.63777	44.31388
38.64304	44.3122
38.65138	44.30526
38.65694	44.29472
38.72166	44.26082
38.72693	44.26277
38.80444	44.30138
38.81554	44.30499
38.83444	44.30332
38.85082	44.29721
38.85971	44.2911
38.86249	44.28583
38.86388	44.27887
38.86444	44.25361
38.86665	44.24749
38.89111	44.21082
38.89582	44.20805
38.96804	44.17333
38.99609	44.16027
39.00221	44.15942
39.0075	44.1611
39.01499	44.16888
39.05668	44.19803
39.12915	44.21666
39.13526	44.21748
39.14083	44.21583
39.3361	44.07472
39.35249	44.06055
39.37745	44.03495
39.37972	44.03416
39.385	44.03416
39.3886	44.03861
39.40888	44.065
39.41165	44.07027
39.41305	44.0861
39.41694	44.20054
39.41694	44.21804
39.41471	44.22415
39.41138	44.2286
39.4072	44.2322
39.40054	44.24082
39.3875	44.29276
39.38693	44.30082
39.3875	44.31554
39.41387	44.39582
39.41916	44.40638
39.42526	44.4161
39.43193	44.42499
39.44165	44.43028
39.44694	44.43193
39.64066	44.47789
39.69887	44.47109
39.78054	44.60582
39.77777	44.61111
39.70665	44.73082
39.69695	44.74262
39.63081	44.81304
39.62305	44.865
39.62165	44.87193
39.60582	44.8886
39.56444	44.90138
39.54665	44.90471
39.53583	44.90804
39.47665	44.92777
39.43582	44.95027
39.42888	44.95888
39.42054	44.97471
39.41638	45.00443